403380 DD_Rpvlampp321_2000_400		0.14610000	1 	1 	0.19 #
403381 DD_Rpvlampp321_2000_500		0.07288000	1 	1 	0.173 #
403382 DD_Rpvlampp321_2000_600		0.04108000	1 	1 	0.174 #
403383 DD_Rpvlampp321_2000_700		0.02446000	1 	1 	0.177 #
403384 DD_Rpvlampp321_2000_800		0.01498000	1 	1 	0.186 #
403385 DD_Rpvlampp321_2000_900		0.00937500	1 	1 	0.192 #
403386 DD_Rpvlampp321_2000_1000		0.00596300	1 	1 	0.199 #
403387 DD_Rpvlampp321_2000_1100		0.00381100	1 	1 	0.21 #
403388 DD_Rpvlampp321_2000_1200		0.00245800	1 	1 	0.22 #
403389 DD_Rpvlampp321_2000_1300		0.00159100	1 	1 	0.23 #
403390 DD_Rpvlampp321_2000_1400		0.00102800	1 	1 	0.242 #
403391 DD_Rpvlampp321_2000_1500		0.00067280	1 	1 	0.249 #
403392 DD_Rpvlampp321_2000_1600		0.00043820	1 	1 	0.258 #
403393 DD_Rpvlampp321_2000_1700		0.00028480	1 	1 	0.268 #
403394 DD_Rpvlampp321_2000_1800		0.00018460	1 	1 	0.276 #
403395 DD_Rpvlampp331_2000_400          0.14610000      1       1       0.19 #
403396 DD_Rpvlampp331_2000_500          0.07288000      1       1       0.173 #
403397 DD_Rpvlampp331_2000_600          0.04108000      1       1       0.174 #
403398 DD_Rpvlampp331_2000_700          0.02446000      1       1       0.177 #
403399 DD_Rpvlampp331_2000_800          0.01498000      1       1       0.186 #
403400 DD_Rpvlampp331_2000_900          0.00937500      1       1       0.192 #
403401 DD_Rpvlampp331_2000_1000         0.00596300      1       1       0.199 #
403402 DD_Rpvlampp331_2000_1100         0.00381100      1       1       0.21 #
403403 DD_Rpvlampp331_2000_1200         0.00245800      1       1       0.22 #
403404 DD_Rpvlampp331_2000_1300         0.00159100      1       1       0.23 #
403405 DD_Rpvlampp331_2000_1400         0.00102800      1       1       0.242 #
403406 DD_Rpvlampp331_2000_1500         0.00067280      1       1       0.249 #
403407 DD_Rpvlampp331_2000_1600         0.00043820      1       1       0.258 #
403408 DD_Rpvlampp331_2000_1700         0.00028480      1       1       0.268 #
403409 DD_Rpvlampp331_2000_1800         0.00018460      1       1       0.276 #
403410 GG_Rpvlampp321_400_2000		98.0459		1	1	0.138343 # 
403411 GG_Rpvlampp321_600_2000		9.20353		1	1	0.13718 # 
403412 GG_Rpvlampp321_800_2000		1.4891		1	1	0.150167 # 
403413 GG_Rpvlampp321_1000_2000 	0.325388	1	1	0.16758 # 
403414 GG_Rpvlampp321_1200_2000		0.0856418	1	1	0.184814 # 
403415 GG_Rpvlampp321_1400_2000 	0.0252977	1	1	0.209163 # 
403416 GG_Rpvlampp321_1600_2000 	0.00810078	1	1	0.242679 # 
403417 GG_Rpvlampp321_1800_2000 	0.00276133	1	1	0.28108 # 
403418 GG_Rpvlampp331_400_2000		98.0459		1	1	0.138343 # 
403419 GG_Rpvlampp331_600_2000		9.20353		1	1	0.13718 # 
403420 GG_Rpvlampp331_800_2000		1.4891		1	1	0.150167 # 
403421 GG_Rpvlampp331_1000_2000 	0.325388	1	1	0.16758 # 
403422 GG_Rpvlampp331_1200_2000		0.0856418	1	1	0.184814 # 
403423 GG_Rpvlampp331_1400_2000 	0.0252977	1	1	0.209163 # 
403424 GG_Rpvlampp331_1600_2000 	0.00810078	1	1	0.242679 # 
403425 GG_Rpvlampp331_1800_2000 	0.00276133	1	1	0.28108 # 
403426 GG_Rpvlampp321_600_400		9.20353		1	1	0.13718 # 
403427 GG_Rpvlampp321_800_400		1.4891		1	1	0.150167 # 
403428 GG_Rpvlampp321_1000_400 		0.325388	1	1	0.16758 # 
403429 GG_Rpvlampp321_1200_400		0.0856418	1	1	0.184814 # 
403430 GG_Rpvlampp321_1400_400 		0.0252977	1	1	0.209163 # 
403431 GG_Rpvlampp321_1600_400 		0.00810078	1	1	0.242679 # 
403432 GG_Rpvlampp321_1800_400 		0.00276133	1	1	0.28108 # 
403433 GG_Rpvlampp321_800_600		1.4891		1	1	0.150167 # 
403434 GG_Rpvlampp321_1000_600 		0.325388	1	1	0.16758 # 
403435 GG_Rpvlampp321_1200_600		0.0856418	1	1	0.184814 # 
403436 GG_Rpvlampp321_1400_600 		0.0252977	1	1	0.209163 # 
403437 GG_Rpvlampp321_1600_600 		0.00810078	1	1	0.242679 # 
403438 GG_Rpvlampp321_1800_600 		0.00276133	1	1	0.28108 # 
403439 GG_Rpvlampp321_1000_800 		0.325388	1	1	0.16758 # 
403440 GG_Rpvlampp321_1200_800		0.0856418	1	1	0.184814 # 
403441 GG_Rpvlampp321_1400_800 		0.0252977	1	1	0.209163 # 
403442 GG_Rpvlampp321_1600_800 		0.00810078	1	1	0.242679 # 
403443 GG_Rpvlampp321_1800_800 		0.00276133	1	1	0.28108 # 
403444 GG_Rpvlampp321_1200_1000		0.0856418	1	1	0.184814 # 
403445 GG_Rpvlampp321_1400_1000 	0.0252977	1	1	0.209163 # 
403446 GG_Rpvlampp321_1600_1000 	0.00810078	1	1	0.242679 # 
403447 GG_Rpvlampp321_1800_1000 	0.00276133	1	1	0.28108 # 
403448 GG_Rpvlampp321_1400_1200 	0.0252977	1	1	0.209163 # 
403449 GG_Rpvlampp321_1600_1200 	0.00810078	1	1	0.242679 # 
403450 GG_Rpvlampp321_1800_1200 	0.00276133	1	1	0.28108 # 
403451 GG_Rpvlampp321_1600_1400 	0.00810078	1	1	0.242679 # 
403452 GG_Rpvlampp321_1800_1400 	0.00276133	1	1	0.28108 # 
403453 GG_Rpvlampp321_1800_1600 	0.00276133	1	1	0.28108 # 
403454 GG_Rpvlampp331_600_400		9.20353		1	1	0.13718 # 
403455 GG_Rpvlampp331_800_400		1.4891		1	1	0.150167 # 
403456 GG_Rpvlampp331_1000_400 		0.325388	1	1	0.16758 # 
403457 GG_Rpvlampp331_1200_400		0.0856418	1	1	0.184814 # 
403458 GG_Rpvlampp331_1400_400 		0.0252977	1	1	0.209163 # 
403459 GG_Rpvlampp331_1600_400 		0.00810078	1	1	0.242679 # 
403460 GG_Rpvlampp331_1800_400 		0.00276133	1	1	0.28108 # 
403461 GG_Rpvlampp331_800_600		1.4891		1	1	0.150167 # 
403462 GG_Rpvlampp331_1000_600 		0.325388	1	1	0.16758 # 
403463 GG_Rpvlampp331_1200_600		0.0856418	1	1	0.184814 # 
403464 GG_Rpvlampp331_1400_600 		0.0252977	1	1	0.209163 # 
403465 GG_Rpvlampp331_1600_600 		0.00810078	1	1	0.242679 # 
403466 GG_Rpvlampp331_1800_600 		0.00276133	1	1	0.28108 # 
403467 GG_Rpvlampp331_1000_800 		0.325388	1	1	0.16758 # 
403468 GG_Rpvlampp331_1200_800		0.0856418	1	1	0.184814 # 
403469 GG_Rpvlampp331_1400_800 		0.0252977	1	1	0.209163 # 
403470 GG_Rpvlampp331_1600_800 		0.00810078	1	1	0.242679 # 
403471 GG_Rpvlampp331_1800_800 		0.00276133	1	1	0.28108 # 
403472 GG_Rpvlampp331_1200_1000		0.0856418	1	1	0.184814 # 
403473 GG_Rpvlampp331_1400_1000 	0.0252977	1	1	0.209163 # 
403474 GG_Rpvlampp331_1600_1000 	0.00810078	1	1	0.242679 # 
403475 GG_Rpvlampp331_1800_1000 	0.00276133	1	1	0.28108 # 
403476 GG_Rpvlampp331_1400_1200 	0.0252977	1	1	0.209163 # 
403477 GG_Rpvlampp331_1600_1200 	0.00810078	1	1	0.242679 # 
403478 GG_Rpvlampp331_1800_1200 	0.00276133	1	1	0.28108 # 
403479 GG_Rpvlampp331_1600_1400 	0.00810078	1	1	0.242679 # 
403480 GG_Rpvlampp331_1800_1400 	0.00276133	1	1	0.28108 # 
403481 GG_Rpvlampp331_1800_1600 	0.00276133	1	1	0.28108 # 
