SAMPLE     FS   CROSSECTION[pb]     K-FACTOR     FILTEREFF   REL.UNCERT
370100      2      0.6774779078   1.00000000    1.00000000   0.15876178
370101      2      0.6774779078   1.00000000    1.00000000   0.15876178
370102      2      0.6774779078   1.00000000    1.00000000   0.15876178
370103      2      0.6774779078   1.00000000    1.00000000   0.15876178
370104      2      0.3253876883   1.00000000    1.00000000   0.16758000
370105      2      0.3253876883   1.00000000    1.00000000   0.16758000
370106      2      0.3253876883   1.00000000    1.00000000   0.16758000
370107      2      0.3253876883   1.00000000    1.00000000   0.16758000
370108      2      0.3253876883   1.00000000    1.00000000   0.16758000
370109      2      0.1634905706   1.00000000    1.00000000   0.17640239
370110      2      0.1634905706   1.00000000    1.00000000   0.17640239
370111      2      0.1634905706   1.00000000    1.00000000   0.17640239
370112      2      0.1634905706   1.00000000    1.00000000   0.17640239
370113      2      0.1634905706   1.00000000    1.00000000   0.17640239
370114      2      0.0856417975   1.00000000    1.00000000   0.18481426
370115      2      0.0856417975   1.00000000    1.00000000   0.18481426
370116      2      0.0856417975   1.00000000    1.00000000   0.18481426
370117      2      0.0856417975   1.00000000    1.00000000   0.18481426
370118      2      0.0856417975   1.00000000    1.00000000   0.18481426
370119      2      0.0856417975   1.00000000    1.00000000   0.18481426
370120      2      0.0856417975   1.00000000    1.00000000   0.18481426
370121      2      0.0856417975   1.00000000    1.00000000   0.18481426
370122      2      0.0856417975   1.00000000    1.00000000   0.18481426
370123      2      0.0459823026   1.00000000    1.00000000   0.19822566
370124      2      0.0459823026   1.00000000    1.00000000   0.19822566
370125      2      0.0459823026   1.00000000    1.00000000   0.19822566
370126      2      0.0459823026   1.00000000    1.00000000   0.19822566
370127      2      0.0459823026   1.00000000    1.00000000   0.19822566
370128      2      0.0459823026   1.00000000    1.00000000   0.19822566
370129      2      0.0252601268   1.00000000    1.00000000   0.21096327
370130      2      0.0252601268   1.00000000    1.00000000   0.21096327
370131      2      0.0252601268   1.00000000    1.00000000   0.21096327
370132      2      0.0252601268   1.00000000    1.00000000   0.21096327
370133      2      0.0252601268   1.00000000    1.00000000   0.21096327
370134      2      0.0252601268   1.00000000    1.00000000   0.21096327
370135      2      0.0252601268   1.00000000    1.00000000   0.21096327
370136      2      0.0252601268   1.00000000    1.00000000   0.21096327
370137      2      0.0141714505   1.00000000    1.00000000   0.22892537
370138      2      0.0141714505   1.00000000    1.00000000   0.22892537
370139      2      0.0141714505   1.00000000    1.00000000   0.22892537
370140      2      0.0141714505   1.00000000    1.00000000   0.22892537
370141      2      0.0141714505   1.00000000    1.00000000   0.22892537
370142      2      0.0141714505   1.00000000    1.00000000   0.22892537
370143      2      0.0141714505   1.00000000    1.00000000   0.22892537
370144      2      0.0080897601   1.00000000    1.00000000   0.24437219
370145      2      0.0080897601   1.00000000    1.00000000   0.24437219
370146      2      0.0080897601   1.00000000    1.00000000   0.24437219
370147      2      0.0080897601   1.00000000    1.00000000   0.24437219
370148      2      0.0080897601   1.00000000    1.00000000   0.24437219
370149      2      0.0080897601   1.00000000    1.00000000   0.24437219
370150      2      0.0080897601   1.00000000    1.00000000   0.24437219
370151      2      0.0080897601   1.00000000    1.00000000   0.24437219
370152      2      0.0046974684   1.00000000    1.00000000   0.26256696
370153      2      0.0046974684   1.00000000    1.00000000   0.26256696
370154      2      0.0046974684   1.00000000    1.00000000   0.26256696
370155      2      0.0046974684   1.00000000    1.00000000   0.26256696
370156      2      0.0046974684   1.00000000    1.00000000   0.26256696
370157      2      0.0046974684   1.00000000    1.00000000   0.26256696
370158      2      0.0046974684   1.00000000    1.00000000   0.26256696
370159      2      0.0046974684   1.00000000    1.00000000   0.26256696
370160      2      0.0027583649   1.00000000    1.00000000   0.28245753
370161      2      0.0027583649   1.00000000    1.00000000   0.28245753
370162      2      0.0027583649   1.00000000    1.00000000   0.28245753
370163      2      0.0027583649   1.00000000    1.00000000   0.28245753
370164      2      0.0027583649   1.00000000    1.00000000   0.28245753
370165      2      0.0027583649   1.00000000    1.00000000   0.28245753
370166      2      0.0027583649   1.00000000    1.00000000   0.28245753
370167      2      0.0027583649   1.00000000    1.00000000   0.28245753
370168      2      0.0027583649   1.00000000    1.00000000   0.28245753
370169      2      0.0016337908   1.00000000    1.00000000   0.30037747
370170      2      0.0016337908   1.00000000    1.00000000   0.30037747
370171      2      0.0016337908   1.00000000    1.00000000   0.30037747
370172      2      0.0016337908   1.00000000    1.00000000   0.30037747
370173      2      0.0016337908   1.00000000    1.00000000   0.30037747
370174      2      0.0016337908   1.00000000    1.00000000   0.30037747
370175      2      0.0016337908   1.00000000    1.00000000   0.30037747
370176      2      0.0016337908   1.00000000    1.00000000   0.30037747
370177      2      0.0016337908   1.00000000    1.00000000   0.30037747
370178      2      0.0009802603   1.00000000    1.00000000   0.31952110
370179      2      0.0009802603   1.00000000    1.00000000   0.31952110
370180      2      0.0009802603   1.00000000    1.00000000   0.31952110
370181      2      0.0009802603   1.00000000    1.00000000   0.31952110
370182      2      0.0009802603   1.00000000    1.00000000   0.31952110
370183      2      0.0009802603   1.00000000    1.00000000   0.31952110
370184      2      0.0009802603   1.00000000    1.00000000   0.31952110
370185      2      0.0009802603   1.00000000    1.00000000   0.31952110
370186      2      0.0009802603   1.00000000    1.00000000   0.31952110
370187      2      0.0009802603   1.00000000    1.00000000   0.31952110
370189	    2	   3.5251	  1.00000000	1.00000000   0.141034
370190      2      3.5251         1.00000000    1.00000000   0.141034
370191      2      3.5251         1.00000000    1.00000000   0.141034
370192      2      3.5251         1.00000000    1.00000000   0.141034
370193      2      3.5251         1.00000000    1.00000000   0.141034
370194	    2	   1.4891	  1.00000000	1.00000000   0.150167
370195      2      1.4891         1.00000000    1.00000000   0.150167
370196      2      1.4891         1.00000000    1.00000000   0.150167
370197      2      1.4891         1.00000000    1.00000000   0.150167
370198      2      1.4891         1.00000000    1.00000000   0.150167
370199      2      1.4891         1.00000000    1.00000000   0.150167
370200	    2      0.6774779078   1.00000000    1.00000000   0.15876178
370201      2      0.6774779078   1.00000000    1.00000000   0.15876178
370202      2      0.6774779078   1.00000000    1.00000000   0.15876178
370203      2      0.6774779078   1.00000000    1.00000000   0.15876178
370204      2      0.6774779078   1.00000000    1.00000000   0.15876178
370205      2      0.3253876883   1.00000000    1.00000000   0.16758000
370206      2      0.3253876883   1.00000000    1.00000000   0.16758000
370207      2      0.3253876883   1.00000000    1.00000000   0.16758000
370208      2      0.3253876883   1.00000000    1.00000000   0.16758000
370209      2      0.3253876883   1.00000000    1.00000000   0.16758000
370210      2      0.1634905706   1.00000000    1.00000000   0.17640239
370211      2      0.1634905706   1.00000000    1.00000000   0.17640239
370212      2      0.1634905706   1.00000000    1.00000000   0.17640239
370213      2      0.1634905706   1.00000000    1.00000000   0.17640239
370214      2      0.1634905706   1.00000000    1.00000000   0.17640239
370215      2      0.0856417975   1.00000000    1.00000000   0.18481426
370216      2      0.0856417975   1.00000000    1.00000000   0.18481426
370217      2      0.0856417975   1.00000000    1.00000000   0.18481426
370218      2      0.0856417975   1.00000000    1.00000000   0.18481426
370219      2      0.0856417975   1.00000000    1.00000000   0.18481426
370220      2      0.0856417975   1.00000000    1.00000000   0.18481426
370221      2      0.0856417975   1.00000000    1.00000000   0.18481426
370222      2      0.0856417975   1.00000000    1.00000000   0.18481426
370223      2      0.0459823026   1.00000000    1.00000000   0.19822566
370224      2      0.0459823026   1.00000000    1.00000000   0.19822566
370225      2      0.0459823026   1.00000000    1.00000000   0.19822566
370226      2      0.0459823026   1.00000000    1.00000000   0.19822566
370227      2      0.0459823026   1.00000000    1.00000000   0.19822566
370228      2      0.0252601268   1.00000000    1.00000000   0.21096327
370229      2      0.0252601268   1.00000000    1.00000000   0.21096327
370230      2      0.0252601268   1.00000000    1.00000000   0.21096327
370231      2      0.0252601268   1.00000000    1.00000000   0.21096327
370232      2      0.0252601268   1.00000000    1.00000000   0.21096327
370233      2      0.0080897601   1.00000000    1.00000000   0.24437219
370234      2      0.0080897601   1.00000000    1.00000000   0.24437219
370235      2      0.0080897601   1.00000000    1.00000000   0.24437219
370236      2      0.0027583649   1.00000000    1.00000000   0.28245753
370237      2      0.0027583649   1.00000000    1.00000000   0.28245753
370238      2      0.0027583649   1.00000000    1.00000000   0.28245753
370240      2      0.0005919180   1.00000000    1.00000000   0.33932600
370243      2      0.0005919180   1.00000000    1.00000000   0.33932600
370244      2      0.0005919180   1.00000000    1.00000000   0.33932600
370245      2      0.0005919180   1.00000000    1.00000000   0.33932600
370246      2      0.0005919180   1.00000000    1.00000000   0.33932600
370247      2      0.0005919180   1.00000000    1.00000000   0.33932600
370248      2      0.0005919180   1.00000000    1.00000000   0.33932600
370249      2      0.0003593180   1.00000000    1.00000000   0.35962300
373421      2      0.0003593180   1.00000000    1.00000000   0.35962300
373422      2      0.0003593180   1.00000000    1.00000000   0.35962300
373423      2      0.0003593180   1.00000000    1.00000000   0.35962300
373424      2      0.0003593180   1.00000000    1.00000000   0.35962300
373425      2      0.0003593180   1.00000000    1.00000000   0.35962300
373426      2      0.0003593180   1.00000000    1.00000000   0.35962300
373427      2      0.0003593180   1.00000000    1.00000000   0.35962300
373428      2      0.0003593180   1.00000000    1.00000000   0.35962300
373430      2      0.0002190490   1.00000000    1.00000000   0.38524900
373433      2      0.0002190490   1.00000000    1.00000000   0.38524900
373435      2      0.0002190490   1.00000000    1.00000000   0.38524900
373436      2      0.0002190490   1.00000000    1.00000000   0.38524900
373437      2      0.0002190490   1.00000000    1.00000000   0.38524900
373438      2      0.0002190490   1.00000000    1.00000000   0.38524900
373440      2      0.0001339650   1.00000000    1.00000000   0.40794500
373441      2      0.0001339650   1.00000000    1.00000000   0.40794500
373443      2      0.0001339650   1.00000000    1.00000000   0.40794500
373445      2      0.0001339650   1.00000000    1.00000000   0.40794500
373446      2      0.0001339650   1.00000000    1.00000000   0.40794500
373447      2      0.0001339650   1.00000000    1.00000000   0.40794500
373448      2      0.0001339650   1.00000000    1.00000000   0.40794500
