999000	DD_Rpvlampp321_500_400	 6.349e-01	1	1	0.2
999001	DD_Rpvlampp321_600_400	 5.433e-01 	1	1	0.2
999002	DD_Rpvlampp321_600_500	 2.594e-01	1	1	0.2
999003	DD_Rpvlampp321_700_400	 4.843e-01	1	1	0.2
999004	DD_Rpvlampp321_700_500	 2.283e-01 	1	1	0.2
999005	DD_Rpvlampp321_700_600	 1.189e-01 	1	1	0.2
999006	DD_Rpvlampp321_800_400	 4.326e-01 	1	1	0.2
999007	DD_Rpvlampp321_800_500	 2.064e-01 	1	1	0.2
999008	DD_Rpvlampp321_800_600	 1.070e-01 	1	1	0.2
999009	DD_Rpvlampp321_800_700	 5.925e-02 	1	1	0.2
999010	DD_Rpvlampp321_900_400	 3.840e-01 	1	1	0.2
999011	DD_Rpvlampp321_900_500	 1.871e-01 	1	1	0.2
999012	DD_Rpvlampp321_900_600	 9.814e-02 	1	1	0.2
999013	DD_Rpvlampp321_900_700	 5.421e-02 	1	1	0.2
999014	DD_Rpvlampp321_900_800	 3.125e-02 	1	1	0.2
999015	DD_Rpvlampp321_1000_400	 3.434e-01 	1	1	0.2
999016	DD_Rpvlampp321_1000_500	 1.698e-01 	1	1	0.2
999017	DD_Rpvlampp321_1000_600	 9.013e-02 	1	1	0.2
999018	DD_Rpvlampp321_1000_700	 5.010e-02 	1	1	0.2
999019	DD_Rpvlampp321_1000_800	 2.902e-02 	1	1	0.2
999020	DD_Rpvlampp321_1000_900	 1.727e-02 	1	1	0.2
999021	DD_Rpvlampp321_1100_400	 3.090e-01 	1	1	0.2
999022	DD_Rpvlampp321_1100_500	 1.546e-01 	1	1	0.2
999023	DD_Rpvlampp321_1100_600	 8.273e-02 	1	1	0.2
999024	DD_Rpvlampp321_1100_700	 4.643e-02 	1	1	0.2
999025	DD_Rpvlampp321_1100_800	 2.697e-02 	1	1	0.2
999026	DD_Rpvlampp321_1100_900	 		1.611e-02 	1	1	0.2
999027	DD_Rpvlampp321_1100_1000       9.797e-03 	1	1	0.2
999028  DD_Rpvlampp321_1200_400        2.779e-01       1       1       0.2
999029  DD_Rpvlampp321_1200_500        1.404e-01       1       1       0.2
999030  DD_Rpvlampp321_1200_600        7.614e-02      1       1       0.2
999031  DD_Rpvlampp321_1200_700        4.313e-02       1	    1	   0.2
999032  DD_Rpvlampp321_1200_800        2.526e-02       1	    1	   0.2
999033  DD_Rpvlampp321_1200_900        1.518e-02      1	    1	   0.2
999034  DD_Rpvlampp321_1200_1000       9.280e-03        1	    1	   0.2
999035  DD_Rpvlampp321_1200_1100       5.717e-03       1	    1	   0.2
999036  DD_Rpvlampp321_1300_400        2.517e-01        1       1       0.2
999037  DD_Rpvlampp321_1300_500        1.281e-01       1       1       0.2
999038  DD_Rpvlampp321_1300_600        7.022e-02       1	    1	   0.2
999039  DD_Rpvlampp321_1300_700        4.011e-02       1	    1	   0.2
999040  DD_Rpvlampp321_1300_800        2.362e-02       1	    1	   0.2
999041  DD_Rpvlampp321_1300_900        1.424e-02       1	    1	   0.2
999042  DD_Rpvlampp321_1300_1000       8.753e-03       1	    1	   0.2
999043  DD_Rpvlampp321_1300_1100       5.433e-03       1	    1	   0.2
999044  DD_Rpvlampp321_1300_1200       3.396e-03       1	    1	   0.2
999045  DD_Rpvlampp321_1400_400        2.270e-01       1       1       0.2
999046  DD_Rpvlampp321_1400_500        1.165e-01       1       1       0.2
999047  DD_Rpvlampp321_1400_600       6.464e-02       1	    1	   0.2
999048  DD_Rpvlampp321_1400_700       3.727e-02       1	    1	   0.2
999049  DD_Rpvlampp321_1400_800       2.212e-02       1	    1	   0.2
999050  DD_Rpvlampp321_1400_900       1.346e-02       1	    1	   0.2
999051  DD_Rpvlampp321_1400_1000       8.284e-03        1	    1	   0.2
999052  DD_Rpvlampp321_1400_1100       5.155e-03       1	    1	   0.2
999053  DD_Rpvlampp321_1400_1200       3.245e-03       1	    1	   0.2
999054  DD_Rpvlampp321_1400_1300       2.050e-03        1	    1	   0.2
999055  DD_Rpvlampp321_1500_400       2.089e-01        1       1       0.2
999056  DD_Rpvlampp321_1500_500       1.074e-01        1       1       0.2
999057  DD_Rpvlampp321_1500_600       5.973e-02       1	    1	   0.2
999058  DD_Rpvlampp321_1500_700       3.461e-02       1	    1	   0.2
999059  DD_Rpvlampp321_1500_800       2.075e-02       1	    1	   0.2
999060  DD_Rpvlampp321_1500_900       1.262e-02       1	    1	   0.2
999061  DD_Rpvlampp321_1500_1000      7.845e-03       1	    1	   0.2
999062  DD_Rpvlampp321_1500_1100       4.910e-03       1	    1	   0.2
999063  DD_Rpvlampp321_1500_1200       3.096e-03        1	    1	   0.2
999064  DD_Rpvlampp321_1500_1300       1.973e-03       1	    1	   0.2
999065  DD_Rpvlampp321_1500_1400       1.259e-03      1	    1	   0.2
999066  DD_Rpvlampp321_1600_400        1.908e-01     1       1       0.2
999067  DD_Rpvlampp321_1600_500        9.929e-02      1	    1	   0.2
999068  DD_Rpvlampp321_1600_600        5.504e-02      1	    1	   0.2
999069  DD_Rpvlampp321_1600_700        3.220e-02     1	    1	   0.2
999070  DD_Rpvlampp321_1600_800        1.942e-02      1	    1	   0.2
999071  DD_Rpvlampp321_1600_900        1.196e-02     1	    1	   0.2
999072  DD_Rpvlampp321_1600_1000       7.430e-03      1	    1	   0.2
999073  DD_Rpvlampp321_1600_1100       4.672e-03      1	    1	   0.2
999074  DD_Rpvlampp321_1600_1200       2.958e-03      1	    1	   0.2
999075  DD_Rpvlampp321_1600_1300       1.894e-03      1	    1	   0.2
999076  DD_Rpvlampp321_1600_1400       1.213e-03      1	    1	   0.2
999077  DD_Rpvlampp321_1600_1500       7.768e-04      1	    1	   0.2
999078  DD_Rpvlampp321_1700_400        1.768e-01      1       1       0.2
999079  DD_Rpvlampp321_1700_500        9.114e-02     1	    1	   0.2
999080  DD_Rpvlampp321_1700_600        5.112e-02     1	    1	   0.2
999081  DD_Rpvlampp321_1700_700        2.995e-02     1	    1	   0.2
999082  DD_Rpvlampp321_1700_800        1.816e-02     1	    1	   0.2
999083  DD_Rpvlampp321_1700_900        1.129e-02     1	    1	   0.2
999084  DD_Rpvlampp321_1700_1000       7.037e-03      1	    1	   0.2
999085  DD_Rpvlampp321_1700_1100       4.441e-03      1	    1	   0.2
999086  DD_Rpvlampp321_1700_1200       2.822e-03      1	    1	   0.2
999087  DD_Rpvlampp321_1700_1300       1.813e-03      1	    1	   0.2
999088  DD_Rpvlampp321_1700_1400       1.164e-03      1	    1	   0.2
999089  DD_Rpvlampp321_1700_1500       7.504e-04      1	    1	   0.2
999090  DD_Rpvlampp321_1700_1600       4.838e-04      1	    1	   0.2
999091  DD_Rpvlampp321_1800_400        1.648e-01     1       1       0.2
999092  DD_Rpvlampp321_1800_500        8.439e-02     1	    1	   0.2
999093  DD_Rpvlampp321_1800_600        4.726e-02     1	    1	   0.2
999094  DD_Rpvlampp321_1800_700        2.798e-02     1	    1	   0.2
999095  DD_Rpvlampp321_1800_800        1.698e-02     1	    1	   0.2
999096  DD_Rpvlampp321_1800_900        1.054e-02     1	    1	   0.2
999097  DD_Rpvlampp321_1800_1000       6.651e-03      1	    1	   0.2
999098  DD_Rpvlampp321_1800_1100       4.222e-03      1	    1	   0.2
999099  DD_Rpvlampp321_1800_1200       2.699e-03      1	    1	   0.2
999100  DD_Rpvlampp321_1800_1300       1.730e-03      1	    1	   0.2
999101  DD_Rpvlampp321_1800_1400       1.121e-03      1	    1	   0.2
999102  DD_Rpvlampp321_1800_1500       7.235e-04      1	    1	   0.2
999103  DD_Rpvlampp321_1800_1600       4.684e-04      1	    1	   0.2
999104  DD_Rpvlampp321_1800_1700       3.025e-04      1	    1	   0.2
999105  DD_Rpvlampp321_1900_400        1.545e-01    1       1       0.2
999106  DD_Rpvlampp321_1900_500        7.808e-02    1	    1	   0.2
999107  DD_Rpvlampp321_1900_600        4.405e-02    1	    1	   0.2
999108  DD_Rpvlampp321_1900_700        2.613e-02    1	    1	   0.2
999109  DD_Rpvlampp321_1900_800        1.591e-02    1	    1	   0.2
999110  DD_Rpvlampp321_1900_900        9.973e-03    1	    1	   0.2
999111  DD_Rpvlampp321_1900_1000       6.299e-03     1	    1	   0.2
999112  DD_Rpvlampp321_1900_1100       4.012e-03     1	    1	   0.2
999113  DD_Rpvlampp321_1900_1200       2.577e-03     1	    1	   0.2
999114  DD_Rpvlampp321_1900_1300       1.656e-03     1	    1	   0.2
999115  DD_Rpvlampp321_1900_1400       1.072e-03     1	    1	   0.2
999116  DD_Rpvlampp321_1900_1500       6.975e-04     1	    1	   0.2
999117  DD_Rpvlampp321_1900_1600       4.528e-04     1	    1	   0.2
999118  DD_Rpvlampp321_1900_1700       2.938e-04     1	    1	   0.2
999119  DD_Rpvlampp321_1900_1800       1.904e-04     1	    1	   0.2
999120	DD_Rpvlampp321_400_400         7.325e-01     1	    1	   0.2
999121	DD_Rpvlampp321_500_500         2.879e-01     1	    1	   0.2
999122	DD_Rpvlampp321_600_600         1.290e-01     1	    1	   0.2
999123	DD_Rpvlampp321_700_700         6.325e-02     1	    1	   0.2
999124	DD_Rpvlampp321_800_800         3.303e-02     1	    1	   0.2
999125	DD_Rpvlampp321_900_900         1.806e-02     1	    1	   0.2
999126	DD_Rpvlampp321_1000_1000       1.020e-02     1	    1	   0.2
999127	DD_Rpvlampp321_1100_1100       5.928e-03     1	    1	   0.2
999128	DD_Rpvlampp321_1200_1200       3.512e-03     1	    1	   0.2
999129	DD_Rpvlampp321_1300_1300       2.114e-03     1	    1	   0.2
999130	DD_Rpvlampp321_1400_1400       1.289e-03     1	    1	   0.2
999131	DD_Rpvlampp321_1500_1500       7.964e-04     1	    1	   0.2
999132	DD_Rpvlampp321_1600_1600       4.952e-04     1	    1	   0.2
999133	DD_Rpvlampp321_1700_1700       3.094e-04     1	    1	   0.2
999134	DD_Rpvlampp321_1800_1800       1.941e-04     1	    1	   0.2
