370617  MGPy8EG_A14N_NUHM2_m12_300_weak	   1.1555478731   1.0	1.0	0.06803190
370618  MGPy8EG_A14N_NUHM2_m12_300_weak	   1.0850849571   1.0	1.0	0.07591545
370619  MGPy8EG_A14N_NUHM2_m12_300_weak	   1.0342689914   1.0	1.0	0.06820123
370620  MGPy8EG_A14N_NUHM2_m12_300_weak	   0.9426500411   1.0	1.0	0.06460091
370621  MGPy8EG_A14N_NUHM2_m12_300_weak	   0.8824882181   1.0	1.0	0.06538492
370622  MGPy8EG_A14N_NUHM2_m12_300_weak	   0.8407296201   1.0	1.0	0.06552209
370623  MGPy8EG_A14N_NUHM2_m12_300_weak	   0.8098002978   1.0	1.0	0.06493814
370600  MGPy8EG_A14N_NUHM2_m12_300_strong  0.6089026860	  1.0	1.0	0.20720543
370601  MGPy8EG_A14N_NUHM2_m12_350_strong  0.2512005769	  1.0	1.0	0.22706057
370602  MGPy8EG_A14N_NUHM2_m12_400_strong  0.1111911838   1.0	1.0	0.24399388
370603  MGPy8EG_A14N_NUHM2_m12_500_strong  0.0257765957	  1.0	1.0	0.28810222
370604  MGPy8EG_A14N_NUHM2_m12_600_strong  0.0069446138	  1.0	1.0	0.33004256
370605  MGPy8EG_A14N_NUHM2_m12_700_strong  0.0020592510	  1.0	1.0	0.37731420
370606  MGPy8EG_A14N_NUHM2_m12_800_strong  0.0006553931	  1.0	1.0	0.42831047
